x_coords = [2, 0, 0, 2, 2,3, 3, 4.5, 6, 6,3.7, 3.7, 5.3, 5.3,7, 7, 8, 9, 10, 11, 11,12, 12, 12, 14, 14, 12, 14, 14, 12, 12,15, 15, 15, 16.5, 17.5, 15.5, 16.5, 17.5, 17.5,19, 19, 19, 19,20, 20, 20, 22, 22, 20, 20,23, ...
	24.5, 24.5,  24.5, 23.5, 23.5, 24.5, 24.5, 26, ...
	26, 26, 28, 28,26, 26, 27.5, 27.5,26, 26, 28]

y_coords = [5, 5, 1, 1, 1,1.5, 1, 5, 1, 1,3, 3, 3, 3,1, 1, 5, 3, 5, 1, 1,1, 1, 5, 5, 3, 3, 3, 1, 1, 1,1, 1, 5, 5, 3.5, 3.5, 3.5, 1, 1,1, 1, 5, 5,1, 1, 5, 5, 1, 1, 1, ...
	6, 5, 5, 3, 3, 4, 4, ...
	4,1, 1, 5, 5, 5,3, 3, 3, 3,1, 1, 1]

z_coords = [0 0 0 0 0.5 0.5000 0 0 0 0.5 0.5000 0 0 0.5 0.5000 0 0 0 0 0 0.5 0.5000 0 0 0 0 0 0 0 0 0.5 0.5000 0 0 0 0 0 0 0 0.5 0.5000 0 0 0.5 0.5000 0 0 0 0 0 0.5 ...
	0.9000 5 5 5 5 5 5 ...
	0.5 0.5000 0 0 0 0.5 0.5000 0 0 0.5 0.5000 0 0]


% Define coordinates for each letter separated by NaN for gaps
x = [ ...
    0, 0.5, 1, 1.5, 2, NaN, ... % C
    2.5, 3, 3.5, 3, 2.5, NaN, 2.75, 3.25, NaN, ... % A
    4, 4, 4.5, 5, 5, NaN, 4.5, 5, NaN, ... % M
    5.5, 5.5, 6.5, 6.5, NaN, ... % B
    7, 7, 7.75, 8.5, 8.5, NaN, ... % R
    9, 9, 9.75, 10.5, 10.5, NaN, 9, 10.5, NaN, ... % I
    11, 11, 11.75, 12.5, 12.5, NaN, 11, 12.5, NaN, ... % D
    13, 13, 14, 13, 14, NaN, ... % G
    14.5, 15, 15.5, 15, 14.5, NaN, 14.75, 15.25, NaN ... % E
    ];

y = [ ...
    0, 2, 2, 0, 0, NaN, ... % C
    0, 2, 0, 2, 1, NaN, 1, 1, NaN, ... % A
    2, 0, 1, 0, 2, NaN, 1, 1, NaN, ... % M
    0, 2, 2, 0, NaN, ... % B
    0, 2, 2, 2, 0, NaN, ... % R
    0, 2, 2, 2, 0, NaN, 1, 1, NaN, ... % I
    0, 2, 2, 2, 0, NaN, 1, 1, NaN, ... % D
    2, 0, 0, 1, 1, NaN, ... % G
    0, 2, 2, 1, 0, NaN, 1, 1, NaN ... % E
    ];

pts = [    2.0000    5.0000         0
         0    5.0000         0
         0    1.0000         0
    2.0000    1.0000         0
    2.0000    1.0000    0.5000
    3.0000    1.5000    0.5000
    3.0000    1.0000         0
    4.5000    5.0000         0
    6.0000    1.0000         0
    6.0000    1.0000    0.5000
    3.7000    3.0000    0.5000
    3.7000    3.0000         0
    5.3000    3.0000         0
    5.3000    3.0000    0.5000
    7.0000    1.0000    0.5000
    7.0000    1.0000         0
    8.0000    5.0000         0
    9.0000    3.0000         0
   10.0000    5.0000         0
   11.0000    1.0000         0
   11.0000    1.0000    0.5000
% B
   12.0000    1.0000    0.5000
   12.0000    1.0000         0
   12.0000    5.0000         0
   13.7000    5.0000         0
   14.0000    4.7000         0
   14.0000    3.3000         0
   13.7000    3.0000         0
   12.0000    3.0000         0
   13.7000    3.0000         0
   14.0000    2.7000         0
   14.0000    1.3000         0
   13.7000    1.0000         0
   12.0000    1.0000         0
   12.0000    1.0000    0.5000
% R
   15.0000    1.0000    0.5000
   15.0000    1.0000         0
   15.0000    5.0000         0
   16.5000    5.0000         0
   17.5000    3.5000         0
   15.5000    3.5000         0
   16.5000    3.5000         0
   17.5000    1.0000         0
   17.5000    1.0000    0.5000
% I
   19.0000    1.0000    0.5000
   19.0000    1.0000         0
   19.0000    5.0000         0
   19.0000    5.0000    0.5000
% D
   20.0000    1.0000    0.5000
   20.0000    1.0000         0
   20.0000    5.0000         0
   21.7000    5.0000         0
   22.0000    4.7000         0
   22.0000    1.3000         0
   21.7000    1.0000         0
   20.0000    1.0000         0
   20.0000    1.0000    0.5000
% G
   24.5000    4.0000    0.5000
   24.5000    4.0000    0.0000
   24.5000    5.0000    0.0000
   23.0000    5.0000    0.0000
   23.0000    1.0000    0.0000
   24.5000    1.0000    0.0000
   24.5000    2.5000    0.0000
   24.0000    2.5000    0.0000
   24.0000    2.5000    0.5000
   26.0000    1.0000    0.5000
   26.0000    1.0000         0
   26.0000    5.0000         0
   28.0000    5.0000         0
   28.0000    5.0000    0.5000
   26.0000    3.0000    0.5000
   26.0000    3.0000         0
   27.5000    3.0000         0
   27.5000    3.0000    0.5000
   26.0000    1.0000    0.5000
   26.0000    1.0000         0
   28.0000    1.0000         0
]
